[0, 0, 0]
[0.0009675025939941406, 0.0019350051879882812, 0.0]
[0.013932466506958008, 0.02774200537899105, 0.0]
[0.03208017349243164, 0.06155956461635696, 0.0]
[0.056304216384887695, 0.10239195771422373, 0.0]
[0.06826519966125488, 0.11971407711938581, 0.0]
[0.08745074272155762, 0.14525005494930382, 0.0]
[0.11096882820129395, 0.17213082029137466, 0.0]
[0.1220250129699707, 0.18221964952078903, 0.0]
[0.14447617530822754, 0.20027386111723897, 0.0]
[0.15673375129699707, 0.20743392166018562, 0.0]
[0.1679689884185791, 0.21264717546773676, 0.0]
[0.17995572090148926, 0.21688932700349137, 0.0]
[0.1969165802001953, 0.22089944971127118, 0.0]
[0.21602344512939453, 0.22224108626766104, 0.0]
[0.2327580451965332, 0.22028264000015263, 0.0]
[0.2644789218902588, 0.21136815872631579, 0.0]
[0.2829298973083496, 0.20044714751577422, 0.0]
[0.2999298572540283, 0.18731105757469768, 0.0]
[0.31883716583251953, 0.1695511843742337, 0.0]
[0.3356754779815674, 0.15061474738687355, 0.0]
[0.3524599075317383, 0.12896921665058006, 0.0]
[0.3694169521331787, 0.10431185780555541, 0.0]
[0.3854537010192871, 0.07832773600058532, 0.0]
[0.40326642990112305, 0.04666656749124044, 0.0]
[0.4192390441894531, 0.015487848493523717, 0.0]
